E-field top 10 by |E| at t = 0.2 ms (step 4)
================================================================================
rank      x (um)      y (um)      z (um)            Ex            Ey            Ez           |E|  (file units)
--------------------------------------------------------------------------------
   1      30.000      10.000     560.000   -772.141602   -994.000916  26014.998047  26045.427734
   2      30.000      10.000     555.000    109.285606   2865.151611  24108.820312  24278.720703
   3      30.000       5.000     555.000  -1460.085815   1738.671631  23998.542969  24105.701172
   4      30.000       5.000     550.000   2706.409180    377.909363  21003.236328  21180.259766
   5      60.000      -5.000     805.000   -273.819916     28.766117  -20907.148438  20908.960938
   6     -30.000      10.000     540.000   -592.105957   -192.261780  20873.607422  20882.888672
   7     -30.000      10.000     670.000   -301.072296    -43.381077  20766.300781  20768.529297
   8      60.000      -5.000     800.000      6.623654    179.196930  -20726.894531  20727.669922
   9     -30.000       5.000     545.000  -2412.027344    -60.866703  20488.554688  20630.134766
  10      30.000      10.000     610.000    695.108032   1788.939941  20472.568359  20562.332031
================================================================================